2.79804
2.87167
2.15262
2.80746
1.01174
2.99997
2.94675
2.46473
2.22398
2.21705
1.5826
2.2926
1.86604
3.15809
2.70842
2.64295
1.43063
2.22813
2.29297
4.14785
2.53258
3.5245
1.49958
1.3165
2.01404
3.44771
3.44778
3.25846
1.74434
3.28108
3.59917
1.81027
2.15652
2.35177
0.673314
1.39822
3.78095
1.67615
2.21693
2.31326
2.23635
2.99343
1.4962
2.79242
2.7382
4.04686
2.68182
3.01109
1.94579
1.52447
2.05745
2.24055
2.97087
4.07321
2.32058
2.22608
1.0584
2.54497
2.72121
3.53312
2.49576
3.01638
2.24442
3.50937
2.84549
1.8179
1.29701
3.5979
3.81851
3.21984
0.91197
1.39564
3.98037
1.61063
1.89675
1.82642
2.74867
2.64949
2.1642
2.66052
1.35557
2.30304
2.7731
1.80694
2.87954
2.96362
2.56943
2.07654
2.55057
0.547035
2.98035
3.95058
3.39711
2.0904
3.92234
2.10162
2.87224
1.42956
3.17363
1.77538
3.43315
3.28788
3.05302
3.15257
2.22994
2.47138
3.16758
3.55842
2.93809
2.32925
2.90828
3.1606
2.67921
2.91914
1.94058
1.73976
1.91198
2.98164
2.15359
1.93994
3.28438
2.28732
4.47366
3.21712
2.21161
3.74616
3.36833
2.0159
2.91933
3.17323
4.1675
3.25747
4.31782
0.615964
3.15766
1.78078
3.3028
0.935736
4.2442
2.27569
2.24961
3.13196
2.56047
2.92304
2.05347
3.80682
1.81862
2.72129
1.54777
4.31079
0.969596
2.01232
2.65778
3.05329
0.529931
2.44005
1.89516
1.58061
3.99559
1.91901
3.15599
1.99249
2.7921
3.56627
3.43005
2.81429
3.70169
2.80532
2.97098
2.48889
3.06247
2.08942
3.47359
3.93097
3.43802
2.76849
0.654061
3.56314
2.67526
2.46344
2.38471
3.50427
3.06039
1.68373
3.60315
0.999184
2.08117
2.68071
0.257395
1.65881
3.18086
2.6872
2.76248
3.06662
2.60629
2.5695
3.13876
1.95913
3.74349
3.15845
1.27261
1.63479
3.43793
3.22683
2.99794
1.50626
3.9429
1.81259
1.96551
1.89878
2.61197
4.10573
2.20495
2.8291
3.33309
2.52862
1.96828
1.81329
1.91773
3.31051
1.30494
3.86598
2.83373
4.25691
2.2653
2.65168
2.53525
2.61258
2.76966
2.15013
3.39349
2.35434
2.57258
3.3927
2.58429
1.77253
2.78717
1.53444
2.7454
2.02933
2.43807
0.376843
2.87018
2.10513
2.85791
3.02004
2.25695
1.63802
2.05872
2.41077
3.14468
3.6823
3.6371
1.61789
2.50051
3.67992
3.44056
2.2312
2.53719
2.33738
3.24313
2.63351
3.06613
4.0102
3.64108
2.92863
3.15075
1.99527
2.97558
2.65942
3.36605
2.44375
4.58076
2.73816
2.94337
1.60107
3.29146
3.33973
2.37189
3.14724
2.32111
1.37691
3.19261
3.95978
2.22865
3.16288
3.96727
3.40337
3.19264
1.42067
4.15403
3.84799
3.72677
3.02561
3.34774
3.40757
2.53114
2.76819
2.9283
3.12889
2.71781
3.22417
3.13644
3.06083
3.86916
3.42841
3.11258
2.80511
3.80118
3.47569
3.79762
2.86185
3.55598
2.16731
2.72693
2.53193
2.55901
2.38035
2.45826
3.1103
3.46582
3.23351
1.83211
2.59972
3.22215
2.76359
3.00947
3.79066
2.85244
2.55378
2.69997
1.84341
2.87089
2.38985
1.64337
3.2143
3.2474
3.61908
3.84561
3.01055
3.1772
2.96258
2.02247
2.5335
3.83629
2.97498
2.83248
3.03661
2.69983
1.19354
3.08397
1.71835
3.54782
3.14015
2.88612
1.18008
2.08463
3.07501
2.34032
2.31344
0.89506
2.25049
2.41797
1.12123
1.63639
3.47902
1.87186
2.64169
2.03733
2.87301
2.31027
1.38628
2.33725
2.58843
2.41207
2.49558
2.2456
2.07859
2.08168
1.67955
2.99288
1.9135
1.76147
2.48238
1.68437
2.77029
2.41407
2.34802
1.94046
2.77128
1.66519
1.79441
2.49515
3.02652
2.22329
1.96307
2.43549
1.97618
2.27806
2.51912
2.4426
1.77446
2.16077
2.37322
2.15007
2.64113
2.66747
2.25441
2.28823
2.88137
2.07419
3.12426
2.71052
1.40412
1.49952
1.51675
1.93341
2.48406
0.998964
1.63476
3.97165
3.14621
2.38872
3.29228
2.12282
3.65865
1.81816
2.51888
2.67424
0.653779
2.42326
2.77254
2.76023
3.08582
2.58157
1.91821
2.45764
2.85922
1.99911
3.10056
2.1072
3.03294
2.50542
1.93223
2.49724
3.51852
2.08573
3.58631
1.03462
1.98538
1.92904
2.02466
2.13854
2.77663
2.32613
2.87142
1.59649
3.06792
0.900145
2.16044
2.90682
3.09652
2.03355
1.9095
0.759984
2.84201
2.34571
2.62348
1.95524
1.88142
3.37264
1.98012
2.23458
3.31105
3.74477
2.64715
2.75092
2.44089
2.91218
2.20054
1.54287
1.20699
2.81236
2.55275
2.02648
1.99351
2.43316
1.73334
2.18408
2.41008
2.28576
2.55619
2.06753
2.10704
2.72771
2.39446
3.86638
1.90992
2.0954
2.31975
2.79082
3.16049
2.01981
2.15027
1.96675
1.91347
1.40026
2.32701
2.91878
2.65905
1.31985
2.37396
2.85939
2.05826
3.59781
0.644485
1.74404
2.35798
3.45912
2.20017
2.23833
3.61598
2.65417
2.46408
2.86843
2.57704
2.45095
3.00019
2.36505
1.94766
2.0744
2.48071
2.45877
1.21302
2.13567
2.59749
2.35104
2.67865
1.89561
2.44709
1.62518
1.6459
2.94633
2.78388
2.64909
2.31649
1.54607
2.22696
2.19213
2.16448
2.21441
3.33659
1.01901
2.46322
2.31897
2.47852
1.28387
1.86414
2.50684
2.15113
2.00508
2.44735
2.19885
1.50041
3.0634
1.98946
3.05511
3.03067
0.864925
2.03244
2.32529
3.31156
2.41593
1.97296
1.6944
2.29214
4.02031
1.85334
1.73608
3.73857
1.84374
2.53274
2.85557
1.94481
3.81834
1.61339
3.11144
2.66529
2.266
2.1061
2.61533
2.60208
1.91466
2.38259
1.7986
2.16126
1.63723
2.12664
2.60987
1.22222
3.21693
2.48666
2.42001
2.10918
3.09988
3.07259
3.36061
0.693794
3.00557
2.64332
1.27278
2.68516
0.873453
2.88751
1.12584
3.0969
2.28361
3.04694
3.16222
2.59082
0.250707
2.69985
3.07231
3.46677
2.1492
1.22651
2.19335
2.67197
2.87047
3.96542
3.66051
3.85688
2.82564
1.80347
1.51702
3.31942
3.54787
2.5787
2.44357
2.17905
1.39911
1.38168
3.38868
1.30968
1.42374
2.82544
3.33314
2.4
2.78663
1.99441
1.47255
2.25846
2.57299
1.77189
3.44643
0.501918
1.91993
2.6478
1.33408
2.03082
0.680507
2.95102
4.61514
3.23102
3.51533
1.56032
2.86581
2.24584
2.34844
3.5285
2.04671
1.38405
2.92722
3.89411
2.04959
3.18793
2.44209
2.69543
1.79363
3.02656
2.9989
2.45875
2.00386
2.79993
2.475
2.76303
1.54893
3.69646
2.06005
2.60085
2.6928
2.61332
2.41117
0.511142
1.1858
2.74458
0.98408
2.34252
0.472418
2.95547
3.58791
3.11336
2.63784
2.79944
3.33126
3.0577
4.14174
2.53631
1.42787
2.93294
3.72955
1.60124
2.88124
3.74568
0.832724
3.32784
2.74276
3.49227
1.58803
2.7148
1.61371
1.30192
2.14843
2.22917
2.11313
1.68861
2.73011
2.14026
4.26618
0.722019
3.3198
2.36619
3.6656
2.94119
3.40761
3.70746
2.99266
3.54827
3.30391
3.0125
2.80258
3.5227
1.72414
1.41829
1.46149
2.65088
3.89315
3.50278
0.420987
2.41544
1.98976
0.260279
3.87725
1.3606
2.7755
3.51247
3.17348
2.7908
3.24899
3.68172
2.22836
1.4446
3.43196
2.14257
2.74977
1.13564
1.40523
2.23794
3.33033
3.04589
3.19527
1.84313
2.23658
4.02504
0.961342
0.702431
3.79045
3.71313
2.61343
0.134035
2.79659
1.89892
1.91372
2.40491
3.09451
0.600729
1.88887
2.92563
1.12113
3.2126
3.26944
3.90601
2.39019
2.01539
3.01882
2.57457
3.78583
2.02755
3.6629
3.04345
1.75758
1.70896
3.40655
0.91915
3.60767
0.638264
3.26581
2.84262
3.506
3.01544
0.202891
1.2543
0.948761
2.54648
3.41154
3.25213
4.07331
2.96161
2.82209
3.15974
1.74896
3.15093
3.71383
3.3472
3.3457
0.248546
2.66855
1.97047
2.88206
3.51965
0.356267
1.53602
3.3224
1.94233
3.30896
1.46164
3.2222
1.51354
3.57959
1.80793
2.14707
2.95719
3.52007
3.05266
1.91638
2.03051
3.87905
2.8303
2.22213
2.86101
3.34366
2.18889
2.72273
2.11865
0.427711
4.29309
3.25664
2.17574
2.41412
1.82912
2.12896
1.09312
3.05826
3.35122
3.85874
3.14429
3.61542
2.61663
1.73887
3.26784
1.95122
2.27187
3.40115
3.60717
1.65731
3.9055
3.73547
0.532701
2.48373
2.22026
3.4244
0.842282
3.18421
2.40991
2.99228
3.54312
2.29471
1.53357
3.39992
2.42648
3.83604
2.66962
1.83253
3.5179
2.02616
3.00793
2.93163
1.87848
2.14434
3.60274
3.82646
2.08498
2.89813
2.2145
2.77343
1.77579
3.50309
0.67609
1.19919
3.00795
2.07651
2.92397
2.2564
2.41631
1.17882
1.50641
2.32683
2.73857
3.22706
2.66042
2.86512
2.86737
1.75251
2.98636
0.612975
3.10419
2.85969
2.03125
1.08213
2.00498
1.80395
0.448459
1.84373
3.93432
1.73953
0.94071
3.03566
0.242492
2.9206
3.21614
0.774895
1.60933
3.15878
2.17998
2.19791
2.33729
1.92513
2.58371
2.63093
3.38827
3.18259
3.24406
1.10659
3.34487
2.73896
2.69697
3.12279
3.28643
1.8696
4.20166
2.72296
2.66332
1.44767
2.92952
1.81229
2.77078
3.53367
2.85069
2.68078
3.20948
2.93647
1.86495
3.14165
3.43626
3.38119
2.59154
2.12757
2.39773
1.15744
1.7085
2.38475
2.0546
0.771255
1.43358
0.379777
2.1349
0.223145
0.787031
2.40566
0.655459
-0.0526341
2.24138
2.42733
1.67432
2.88374
0.47059
2.00536
1.61486
2.09998
0.433684
3.29092
0.893351
0.628307
3.56094
3.06402
0.0981905
0.147441
1.4459
2.95185
2.98606
3.15264
1.61345
3.72622
1.13363
0.119191
1.10203
0.840476
1.72008
2.72172
0.31308
2.28871
0.467618
0.074894
1.15292
1.80105
0.97062
1.07807
3.17058
0.148816
2.13134
3.51589
1.83893
2.06349
2.49352
1.09679
1.77668
2.4835
0.419033
0.495732
0.474576
0.772402
-0.138859
2.5121
0.862964
2.71379
1.29881
0.12274
0.146553
-0.0586518
1.62028
3.372
2.53931
1.37043
0.640226
3.62696
1.6794
2.67915
3.97939
2.31059
1.23868
2.10969
2.59983
1.23561
2.32111
2.91323
2.93434
2.56426
0.488316
3.29665
0.619248
-0.0687549
1.8576
1.55185
3.00001
2.19072
0.42693
2.15334
0.3094
3.16488
3.36081
3.22728
2.11833
2.21031
2.16897
1.62735
2.61043
3.01783
3.04891
2.6073
3.48924
3.05515
2.71102
1.56015
2.6896
2.04792
2.99827
2.54822
1.5404
1.4016
2.69724
0.743929
2.59665
0.419184
2.39133
3.55386
0.629702
1.75551
3.24359
1.42209
2.04842
3.55892
0.302028
2.80441
3.76283
3.29583
1.92583
3.06511
3.35797
3.17433
3.58092
0.279391
2.35653
0.463861
3.05312
3.83795
3.6954
1.63408
1.88115
3.10325
2.09797
1.79483
2.36198
3.42479
3.10168
1.8648
2.22401
0.902541
2.17419
2.52936
3.03369
3.57703
1.37609
0.351099
0.732853
3.05362
2.04947
0.671214
3.69465
2.31336
1.88576
0.575036
0.550276
3.69288
2.45047
2.19861
2.76051
1.89677
0.270082
1.95142
0.995557
1.30709
0.327842
2.42497
0.698621
2.25699
0.951811
1.78304
2.90137
1.43835
1.15715
2.95878
0.240234
2.95629
2.19136
1.38917
0.688079
1.04702
1.18527
3.59817
1.74242
0.131605
0.414548
2.76591
2.02824
2.60195
3.4282
2.62621
1.12421
2.5303
3.62049
0.509754
-0.0128679
3.18941
2.98859
2.34052
1.86081
2.93309
2.92618
0.400045
1.94368
2.04377
1.49938
1.7325
1.78476
3.66623
0.0452724
2.81188
2.77025
1.18112
2.70614
4.08192
1.94245
1.24409
2.42401
1.20868
2.84598
2.46249
2.46249
3.05795
2.96315
2.76279
2.35464
2.3663
1.92195
3.11751
2.99111
0.211656
